t4: purchase: {4, 4.000000, 4}
 purchase: {3, 3.000000, 3}
 purchase: {2, 2.000000, 2}
 purchase: {1, 1.000000, 1}
 
